50
#wsize=1000
#coeff=1
0|0 51 51
0|1 92 51
0|2 133 51
0|3 174 51
0|4 215 51
0|5 256 51
0|6 297 51
0|7 338 51
0|8 379 51
0|9 420 51
1|0 51 92
1|1 92 92
1|2 133 92
1|3 174 92
1|4 215 92
1|5 256 92
1|6 297 92
1|7 338 92
1|8 379 92
1|9 420 92
2|0 51 133
2|1 92 133
2|2 133 133
2|3 174 133
2|4 215 133
2|5 256 133
2|6 297 133
2|7 338 133
2|8 379 133
2|9 420 133
3|0 51 174
3|1 92 174
3|2 133 174
##start
3|3 174 174
3|4 215 174
3|5 256 174
3|6 297 174
3|7 338 174
3|8 379 174
3|9 420 174
4|0 51 215
4|1 92 215
4|2 133 215
4|3 174 215
4|4 215 215
4|5 256 215
4|6 297 215
4|7 338 215
4|8 379 215
4|9 420 215
5|0 51 256
5|1 92 256
5|2 133 256
5|3 174 256
5|4 215 256
##end
5|5 256 256
5|6 297 256
5|7 338 256
5|8 379 256
5|9 420 256
6|0 51 297
6|1 92 297
6|2 133 297
6|3 174 297
6|4 215 297
6|5 256 297
6|6 297 297
6|7 338 297
6|8 379 297
6|9 420 297
7|0 51 338
7|1 92 338
7|2 133 338
7|3 174 338
7|4 215 338
7|5 256 338
7|6 297 338
7|7 338 338
7|8 379 338
7|9 420 338
8|0 51 379
8|1 92 379
8|2 133 379
8|3 174 379
8|4 215 379
8|5 256 379
8|6 297 379
8|7 338 379
8|8 379 379
8|9 420 379
9|0 51 420
9|1 92 420
9|2 133 420
9|3 174 420
9|4 215 420
9|5 256 420
9|6 297 420
9|7 338 420
9|8 379 420
9|9 420 420
0|0-1|0
0|0-0|1
0|1-1|1
0|1-0|2
0|2-0|3
0|3-1|3
0|3-0|4
0|4-1|4
0|4-0|5
0|5-1|5
0|5-0|6
0|6-1|6
0|6-0|7
0|7-1|7
0|7-0|8
0|8-1|8
0|8-0|9
0|9-1|9
1|0-2|0
1|1-1|2
1|2-2|2
1|2-1|3
1|3-2|3
1|3-1|4
1|4-2|4
1|4-1|5
1|5-2|5
1|5-1|6
1|6-2|6
1|6-1|7
1|9-2|9
2|0-3|0
2|0-2|1
2|1-3|1
2|1-2|2
2|3-3|3
2|3-2|4
2|4-2|5
2|5-3|5
2|5-2|6
2|6-3|6
2|6-2|7
2|7-3|7
2|7-2|8
2|8-3|8
2|8-2|9
2|9-3|9
3|0-4|0
3|0-3|1
3|1-3|2
3|2-4|2
3|2-3|3
3|3-4|3
3|3-3|4
3|4-4|4
3|4-3|5
3|5-4|5
3|5-3|6
3|7-4|7
3|7-3|8
3|8-4|8
3|9-4|9
4|0-4|1
4|1-5|1
4|1-4|2
4|2-5|2
4|3-4|4
4|4-5|4
4|4-4|5
4|5-5|5
4|5-4|6
4|6-5|6
4|6-4|7
4|7-4|8
4|8-5|8
4|9-5|9
5|0-6|0
5|0-5|1
5|1-6|1
5|2-6|2
5|2-5|3
5|3-6|3
5|3-5|4
5|4-6|4
5|4-5|5
5|5-6|5
5|5-5|6
5|6-5|7
5|8-6|8
5|8-5|9
5|9-6|9
6|0-7|0
6|0-6|1
6|1-6|2
6|2-6|3
6|3-6|4
6|4-7|4
6|4-6|5
6|5-7|5
6|5-6|6
6|6-7|6
6|7-7|7
6|7-6|8
6|8-7|8
7|0-8|0
7|0-7|1
7|1-8|1
7|1-7|2
7|2-7|3
7|3-7|4
7|4-8|4
7|4-7|5
7|5-7|6
7|6-7|7
7|7-8|7
7|7-7|8
7|8-8|8
7|8-7|9
7|9-8|9
8|0-9|0
8|1-9|1
8|2-8|3
8|3-9|3
8|3-8|4
8|4-9|4
8|5-9|5
8|5-8|6
8|6-9|6
8|6-8|7
8|7-9|7
8|7-8|8
8|8-9|8
8|8-8|9
8|9-9|9
9|2-9|3
9|3-9|4
9|4-9|5
9|5-9|6
9|6-9|7
9|7-9|8
9|8-9|9
