100
##start
0|0 51 51
0|1 96 51
0|2 141 51
0|3 186 51
0|4 231 51
0|5 276 51
0|6 321 51
0|7 366 51
0|8 411 51
0|9 456 51
1|0 51 96
1|1 96 96
1|2 141 96
1|3 186 96
1|4 231 96
1|5 276 96
1|6 321 96
1|7 366 96
1|8 411 96
1|9 456 96
2|0 51 141
2|1 96 141
2|2 141 141
2|3 186 141
2|4 231 141
2|5 276 141
2|6 321 141
2|7 366 141
2|8 411 141
2|9 456 141
3|0 51 186
3|1 96 186
3|2 141 186
3|3 186 186
3|4 231 186
3|5 276 186
3|6 321 186
3|7 366 186
3|8 411 186
3|9 456 186
4|0 51 231
4|1 96 231
4|2 141 231
4|3 186 231
4|4 231 231
4|5 276 231
4|6 321 231
4|7 366 231
4|8 411 231
4|9 456 231
5|0 51 276
5|1 96 276
5|2 141 276
5|3 186 276
5|4 231 276
5|5 276 276
5|6 321 276
5|7 366 276
5|8 411 276
5|9 456 276
6|0 51 321
6|1 96 321
6|2 141 321
6|3 186 321
6|4 231 321
6|5 276 321
6|6 321 321
6|7 366 321
6|8 411 321
6|9 456 321
7|0 51 366
7|1 96 366
7|2 141 366
7|3 186 366
7|4 231 366
7|5 276 366
7|6 321 366
7|7 366 366
7|8 411 366
7|9 456 366
8|0 51 411
8|1 96 411
8|2 141 411
8|3 186 411
8|4 231 411
8|5 276 411
8|6 321 411
8|7 366 411
8|8 411 411
8|9 456 411
9|0 51 456
9|1 96 456
9|2 141 456
9|3 186 456
9|4 231 456
9|5 276 456
9|6 321 456
9|7 366 456
9|8 411 456
##end
9|9 456 456
0|1-1|1
0|1-0|2
0|2-1|2
0|3-1|3
0|4-1|4
0|4-0|5
0|5-1|5
0|5-0|6
0|6-1|6
0|6-0|7
0|8-1|8
0|8-0|9
0|9-1|9
1|0-2|0
1|1-2|1
1|2-2|2
1|2-1|3
1|3-2|3
1|4-2|4
1|4-1|5
1|5-2|5
1|5-1|6
1|6-2|6
1|7-2|7
1|7-1|8
1|8-1|9
1|9-2|9
2|0-2|1
2|1-3|1
2|1-2|2
2|2-2|3
2|3-3|3
2|3-2|4
2|4-3|4
2|4-2|5
2|6-2|7
2|8-3|8
2|9-3|9
3|0-4|0
3|0-3|1
3|1-4|1
3|1-3|2
3|2-3|3
3|3-4|3
3|3-3|4
3|4-4|4
3|4-3|5
3|5-4|5
3|5-3|6
3|6-4|6
3|7-3|8
3|8-4|8
3|8-3|9
4|0-5|0
4|1-5|1
4|1-4|2
4|2-5|2
4|2-4|3
4|5-4|6
4|6-5|6
4|6-4|7
4|7-5|7
4|8-5|8
4|9-5|9
5|0-6|0
5|0-5|1
5|2-6|2
5|2-5|3
5|3-6|3
5|4-5|5
5|5-6|5
5|5-5|6
5|6-6|6
5|6-5|7
5|7-5|8
5|8-6|8
5|8-5|9
5|9-6|9
6|0-7|0
6|0-6|1
6|1-7|1
6|1-6|2
6|2-7|2
6|2-6|3
6|3-6|4
6|4-7|4
6|4-6|5
6|5-7|5
6|6-7|6
6|6-6|7
6|7-7|7
6|7-6|8
6|8-7|8
6|8-6|9
6|9-7|9
7|0-8|0
7|1-7|2
7|2-8|2
7|3-8|3
7|3-7|4
7|4-8|4
7|5-7|6
7|6-7|7
7|7-8|7
7|7-7|8
7|8-8|8
7|8-7|9
7|9-8|9
8|0-9|0
8|1-9|1
8|2-8|3
8|3-9|3
8|3-8|4
8|4-9|4
8|4-8|5
8|5-8|6
8|6-9|6
8|6-8|7
8|7-9|7
8|7-8|8
8|8-9|8
8|8-8|9
8|9-9|9
9|0-9|1
9|2-9|3
9|3-9|4
9|4-9|5
9|5-9|6
9|6-9|7
9|7-9|8
9|8-9|9
